trip_id,arrival_time,stop_id,stop_sequence
498,10:55:00,119,1
498,11:15:00,34,2
498,11:27:00,322,3
498,11:38:00,6,4
498,12:04:00,70,5
498,12:30:00,114,6
498,13:07:00,7,7
498,13:31:00,11,8
498,14:17:00,93,9
499,17:40:00,119,1
499,18:00:00,34,2
499,18:12:00,322,3
499,18:24:00,6,4
499,18:49:00,70,5
499,19:16:00,114,6
499,19:53:00,7,7
499,20:21:00,11,8
499,21:09:00,93,9
499,21:35:00,14,10
499,22:03:00,280,11
499,22:20:00,341,12
494,07:30:00,93,1
494,07:50:00,323,2
494,08:03:00,282,3
494,08:39:00,162,4
494,09:18:00,600,5
494,09:35:00,436,6
494,10:04:00,119,7
495,08:43:00,618,1
495,09:25:00,601,2
495,10:04:00,78,3
495,10:38:00,93,4
495,11:04:00,323,5
495,11:20:00,282,6
495,11:52:00,162,7
495,12:25:00,600,8
495,12:39:00,436,9
495,13:05:00,119,10
496,13:46:00,618,1
496,14:28:00,601,2
496,15:03:00,78,3
496,15:38:00,93,4
496,16:39:00,162,5
496,17:10:00,600,6
496,17:27:00,436,7
496,17:53:00,119,8
497,17:41:00,618,1
497,18:25:00,601,2
497,18:59:00,78,3
497,19:32:00,93,4
497,19:57:00,323,5
497,20:08:00,282,6
497,20:39:00,162,7
497,21:09:00,600,8
497,21:24:00,436,9
497,21:50:00,119,10
490,17:30:00,119,1
490,17:53:00,436,2
490,18:09:00,600,3
490,18:41:00,162,4
490,19:12:00,282,5
490,19:27:00,323,6
490,19:55:00,93,7
490,20:29:00,78,8
490,21:03:00,601,9
490,21:58:00,618,10
491,19:45:00,119,1
491,20:06:00,436,2
491,20:22:00,600,3
491,20:50:00,162,4
491,21:17:00,282,5
491,21:30:00,323,6
491,21:52:00,93,7
492,05:40:00,618,1
492,06:24:00,601,2
492,07:30:00,93,3
492,08:00:00,323,4
492,08:13:00,282,5
492,08:49:00,162,6
492,09:28:00,600,7
492,09:43:00,436,8
492,10:10:00,119,9
542,09:00:00,640,1
542,09:40:00,641,2
542,10:50:00,642,3
542,11:15:00,643,4
543,14:00:00,640,1
543,14:40:00,641,2
543,15:50:00,642,3
543,16:15:00,643,4
540,10:15:00,617,1
540,11:05:00,344,2
540,11:56:00,332,3
540,12:17:00,226,4
540,13:06:00,343,5
540,13:59:00,630,6
540,15:55:00,492,7
540,16:02:00,629,8
540,16:28:00,628,9
541,14:20:00,617,1
541,15:06:00,344,2
541,15:53:00,332,3
541,16:15:00,226,4
541,17:01:00,343,5
541,17:28:00,631,6
541,18:13:00,630,7
541,19:52:00,492,8
541,20:01:00,629,9
541,20:26:00,628,10
546,11:30:00,643,1
546,11:55:00,642,2
546,13:05:00,641,3
546,13:45:00,640,4
547,16:30:00,643,1
547,16:55:00,642,2
547,18:05:00,641,3
547,18:45:00,640,4
544,19:00:00,640,1
544,19:40:00,641,2
544,20:50:00,642,3
544,21:15:00,643,4
545,06:30:00,643,1
545,06:55:00,642,2
545,08:05:00,641,3
545,08:45:00,640,4
548,08:00:00,643,1
548,08:30:00,644,2
548,09:05:00,645,3
548,09:25:00,646,4
549,11:30:00,643,1
549,12:00:00,644,2
549,12:35:00,645,3
549,12:55:00,646,4
269,09:00:00,621,1
269,09:10:00,220,2
269,09:15:00,2,3
269,09:19:00,184,4
269,09:30:00,192,5
269,09:45:00,312,6
269,10:05:00,199,7
269,10:12:00,329,8
269,10:25:00,248,9
269,10:30:00,287,10
269,10:40:00,639,11
269,10:50:00,218,12
269,10:55:00,638,13
269,11:20:00,15,14
269,11:30:00,315,15
269,11:45:00,265,16
269,12:05:00,128,17
269,12:20:00,266,18
269,12:35:00,164,19
269,12:40:00,420,20
269,12:55:00,230,21
269,13:05:00,409,22
269,13:20:00,205,23
269,13:50:00,429,24
269,14:00:00,395,25
269,14:10:00,360,26
269,14:30:00,324,27
269,14:45:00,410,28
269,15:10:00,376,29
269,15:30:00,391,30
269,15:50:00,127,31
269,16:00:00,637,32
269,16:25:00,214,33
269,16:35:00,636,34
269,16:50:00,293,35
269,17:05:00,116,36
537,08:58:00,444,1
537,09:32:00,453,2
537,10:09:00,439,3
537,10:47:00,404,4
537,11:12:00,52,5
537,11:25:00,177,6
537,11:28:00,51,7
537,11:38:00,247,8
537,11:39:00,161,9
537,11:51:00,245,10
537,12:01:00,47,11
537,12:03:00,121,12
537,12:07:00,48,13
537,12:14:00,250,14
537,12:16:00,45,15
537,12:29:00,183,16
537,12:42:00,217,17
537,12:50:00,399,18
537,12:56:00,134,19
537,12:59:00,255,20
537,13:10:00,39,21
537,13:18:00,166,22
537,13:22:00,319,23
537,13:26:00,46,24
537,13:28:00,33,25
537,13:31:00,94,26
537,13:33:00,37,27
537,13:36:00,27,28
537,13:39:00,209,29
537,13:53:00,26,30
537,14:28:00,350,31
537,14:49:00,28,32
537,15:20:00,437,33
537,15:48:00,38,34
537,16:02:00,126,35
537,16:15:00,132,36
537,16:23:00,459,37
537,16:46:00,82,38
537,16:55:00,130,39
537,17:09:00,43,40
537,17:38:00,457,41
537,18:21:00,633,42
537,18:35:00,634,43
537,19:46:00,226,44
536,07:30:00,226,1
536,08:09:00,634,2
536,08:24:00,633,3
536,09:05:00,457,4
536,09:37:00,43,5
536,09:50:00,130,6
536,09:58:00,82,7
536,10:18:00,459,8
536,10:30:00,132,9
536,10:41:00,126,10
536,10:56:00,38,11
536,11:35:00,437,12
536,13:11:00,433,13
536,13:28:00,441,14
536,13:49:00,147,15
536,13:57:00,411,16
536,14:00:00,320,17
536,14:19:00,203,18
536,14:32:00,425,19
536,14:45:00,171,20
536,14:47:00,299,21
536,14:55:00,83,22
536,15:01:00,168,23
536,15:09:00,339,24
536,15:15:00,407,25
536,15:24:00,295,26
536,15:26:00,49,27
536,15:29:00,306,28
536,15:36:00,321,29
536,15:42:00,397,30
536,15:53:00,417,31
536,16:06:00,216,32
536,16:20:00,212,33
536,16:23:00,32,34
536,16:31:00,215,35
536,16:45:00,426,36
536,17:09:00,292,37
536,17:19:00,384,38
536,17:23:00,286,39
536,17:30:00,182,40
536,17:41:00,448,41
536,17:49:00,303,42
536,18:00:00,276,43
536,18:10:00,390,44
536,18:22:00,180,45
536,18:33:00,253,46
536,18:41:00,392,47
536,18:45:00,160,48
536,18:47:00,193,49
536,18:52:00,190,50
536,18:59:00,394,51
536,19:01:00,405,52
536,19:10:00,163,53
536,19:13:00,423,54
536,19:24:00,369,55
536,19:31:00,129,56
536,19:50:00,55,57
536,19:58:00,125,58
536,20:14:00,381,59
536,21:02:00,460,60
535,07:30:00,226,1
535,08:09:00,634,2
535,08:24:00,633,3
535,09:05:00,457,4
535,09:37:00,43,5
535,09:50:00,130,6
535,09:58:00,82,7
535,10:18:00,459,8
535,10:30:00,132,9
535,10:41:00,126,10
535,10:56:00,38,11
535,11:35:00,437,12
535,12:20:00,28,13
535,12:36:00,350,14
535,13:16:00,26,15
535,13:31:00,209,16
535,13:34:00,27,17
535,13:37:00,37,18
535,13:39:00,94,19
535,13:41:00,33,20
535,13:43:00,46,21
535,13:46:00,319,22
535,13:51:00,166,23
535,14:00:00,39,24
535,14:10:00,255,25
535,14:12:00,134,26
535,14:20:00,399,27
535,14:27:00,217,28
535,14:40:00,183,29
535,14:54:00,45,30
535,14:56:00,250,31
535,15:03:00,48,32
535,15:06:00,121,33
535,15:09:00,47,34
535,15:18:00,245,35
535,15:30:00,161,36
535,15:31:00,247,37
535,15:41:00,51,38
535,15:44:00,177,39
535,15:57:00,52,40
535,16:22:00,404,41
535,16:58:00,439,42
535,17:33:00,453,43
535,18:52:00,444,44
534,11:00:00,458,1
534,11:20:00,632,2
534,12:17:00,176,3
534,13:20:00,31,4
534,13:48:00,270,5
534,14:07:00,256,6
534,14:19:00,172,7
534,14:44:00,195,8
534,15:08:00,61,9
534,15:30:00,227,10
534,17:14:00,307,11
534,17:37:00,294,12
534,18:22:00,148,13
534,19:32:00,338,14
534,20:25:00,424,15
534,20:57:00,432,16
534,21:35:00,36,17
534,23:29:00,454,18
534,35:48:00,308,19
534,36:17:00,244,20
534,36:25:00,305,21
534,36:33:00,379,22
534,36:44:00,281,23
534,36:48:00,442,24
534,36:59:00,378,25
534,37:13:00,333,26
534,37:32:00,361,27
534,37:33:00,414,28
534,38:07:00,386,29
534,38:22:00,136,30
534,39:18:00,207,31
534,39:35:00,438,32
534,40:24:00,64,33
534,43:00:00,21,34
533,14:45:00,21,1
533,16:38:00,64,2
533,17:12:00,438,3
533,17:44:00,207,4
533,18:41:00,136,5
533,18:58:00,386,6
533,19:32:00,414,7
533,19:36:00,361,8
533,19:56:00,333,9
533,20:11:00,378,10
533,20:24:00,442,11
533,20:30:00,281,12
533,20:43:00,379,13
533,20:52:00,305,14
533,21:01:00,244,15
533,21:31:00,308,16
533,22:08:00,454,17
533,36:55:00,36,18
533,37:32:00,432,19
533,37:50:00,424,20
533,38:58:00,338,21
533,40:08:00,148,22
533,40:52:00,294,23
533,41:10:00,307,24
533,42:37:00,227,25
533,43:27:00,61,26
533,43:51:00,195,27
533,44:12:00,172,28
533,44:21:00,256,29
533,44:40:00,270,30
533,45:00:00,31,31
533,46:09:00,176,32
533,46:45:00,632,33
533,47:25:00,458,34
371,16:25:00,119,1
371,16:59:00,600,2
371,17:29:00,162,3
371,17:59:00,282,4
371,18:37:00,93,5
539,10:15:00,617,1
539,11:05:00,344,2
539,11:32:00,351,3
539,11:53:00,332,4
539,12:15:00,226,5
539,13:06:00,343,6
539,13:34:00,631,7
539,14:01:00,630,8
539,15:45:00,492,9
539,15:52:00,629,10
539,16:18:00,628,11
538,11:58:00,444,1
538,12:32:00,453,2
538,13:09:00,439,3
538,13:47:00,404,4
538,14:13:00,52,5
538,14:26:00,177,6
538,14:29:00,51,7
538,14:39:00,247,8
538,14:40:00,161,9
538,14:52:00,245,10
538,15:02:00,47,11
538,15:03:00,121,12
538,15:07:00,48,13
538,15:14:00,250,14
538,15:16:00,45,15
538,15:29:00,183,16
538,15:42:00,217,17
538,15:50:00,399,18
538,15:56:00,134,19
538,15:59:00,255,20
538,16:10:00,39,21
538,16:17:00,166,22
538,16:22:00,319,23
538,16:26:00,46,24
538,16:28:00,33,25
538,16:31:00,94,26
538,16:33:00,37,27
538,16:36:00,27,28
538,16:39:00,209,29
538,16:53:00,26,30
538,17:28:00,350,31
538,17:49:00,28,32
538,18:20:00,437,33
538,18:48:00,38,34
538,19:02:00,126,35
538,19:15:00,132,36
538,19:23:00,459,37
538,19:46:00,82,38
538,19:56:00,130,39
538,20:09:00,43,40
538,20:38:00,457,41
538,21:21:00,633,42
538,21:35:00,634,43
538,22:46:00,226,44
270,07:00:00,116,1
270,07:15:00,293,2
270,07:35:00,636,3
270,07:45:00,214,4
270,08:10:00,637,5
270,08:20:00,127,6
270,08:40:00,391,7
270,09:00:00,376,8
270,09:20:00,410,9
270,09:35:00,324,10
270,09:55:00,360,11
270,10:02:00,395,12
270,10:15:00,429,13
270,10:30:00,205,14
270,11:00:00,409,15
270,11:15:00,230,16
270,11:29:00,420,17
270,11:31:00,164,18
270,11:50:00,266,19
270,12:05:00,128,20
270,12:20:00,265,21
270,12:37:00,315,22
270,12:45:00,15,23
270,13:10:00,638,24
270,13:15:00,218,25
270,13:31:00,639,26
270,13:41:00,287,27
270,13:45:00,248,28
270,14:03:00,329,29
270,14:10:00,199,30
270,14:25:00,312,31
270,14:45:00,192,32
270,14:51:00,184,33
270,15:00:00,2,34
270,15:05:00,220,35
270,15:50:00,621,36
111,09:55:00,119,1
111,12:25:00,59,2
111,14:27:00,60,3
111,16:57:00,4,4
111,17:22:00,113,5
111,18:48:00,65,6
111,19:01:00,68,7
111,19:21:00,72,8
111,19:28:00,71,9
111,19:45:00,76,10
111,20:18:00,74,11
111,22:44:00,79,12
111,23:38:00,88,13
111,25:38:00,92,14
111,26:29:00,63,15
111,28:05:00,91,16
111,28:55:00,98,17
111,29:34:00,95,18
111,30:13:00,99,19
111,31:19:00,102,20
111,31:56:00,103,21
111,32:05:00,101,22
111,33:17:00,106,23
111,33:47:00,105,24
111,34:26:00,109,25
111,34:42:00,107,26
111,34:59:00,108,27
111,36:25:00,44,28
111,38:05:00,115,29
111,38:41:00,111,30
111,39:10:00,131,31
111,39:47:00,140,32
111,40:23:00,144,33
111,40:44:00,142,34
111,41:01:00,153,35
111,41:07:00,167,36
111,41:09:00,187,37
111,41:12:00,198,38
111,41:26:00,264,39
111,41:31:00,456,40
111,41:49:00,204,41
111,42:10:00,206,42
111,44:30:00,388,43
111,48:04:00,224,44
111,50:31:00,616,45
111,54:54:00,506,46
111,57:54:00,228,47
111,59:50:00,118,48
111,62:29:00,615,49
111,63:44:00,231,50
111,66:33:00,236,51
111,67:26:00,455,52
111,70:50:00,449,53
111,75:29:00,241,54
111,76:52:00,254,55
111,77:58:00,263,56
111,80:30:00,21,57
111,85:50:00,257,58
111,88:36:00,268,59
111,90:45:00,80,60
111,93:28:00,117,61
111,95:49:00,269,62
111,99:06:00,273,63
111,101:01:00,274,64
111,101:48:00,277,65
111,102:56:00,145,66
111,107:00:00,8,67
396,06:28:00,460,1
396,06:42:00,381,2
396,06:58:00,125,3
396,07:06:00,55,4
396,07:25:00,129,5
396,07:32:00,369,6
396,07:43:00,423,7
396,07:47:00,163,8
396,07:56:00,405,9
396,07:57:00,394,10
396,08:04:00,190,11
396,08:09:00,193,12
396,08:11:00,160,13
396,08:15:00,392,14
396,08:22:00,253,15
396,08:33:00,180,16
396,08:42:00,390,17
396,08:55:00,276,18
396,09:07:00,303,19
396,09:15:00,448,20
396,09:26:00,182,21
396,09:33:00,286,22
396,09:37:00,384,23
396,09:47:00,292,24
396,10:07:00,426,25
396,10:25:00,215,26
396,10:33:00,32,27
396,10:36:00,212,28
396,10:51:00,216,29
396,11:04:00,417,30
396,11:15:00,397,31
396,11:21:00,321,32
396,11:28:00,306,33
396,11:30:00,49,34
396,11:33:00,295,35
396,11:42:00,407,36
396,11:48:00,339,37
396,11:56:00,168,38
396,12:02:00,83,39
396,12:10:00,299,40
396,12:12:00,171,41
396,12:25:00,425,42
396,12:38:00,203,43
396,12:58:00,320,44
396,13:01:00,411,45
396,13:08:00,147,46
396,13:28:00,441,47
396,13:40:00,433,48
396,15:15:00,437,49
396,15:48:00,38,50
396,16:02:00,126,51
396,16:15:00,132,52
396,16:23:00,459,53
396,16:46:00,82,54
396,16:55:00,130,55
396,17:09:00,43,56
396,17:38:00,457,57
396,18:21:00,633,58
396,18:35:00,634,59
396,19:46:00,226,60
112,18:00:00,8,1
112,19:35:00,298,2
112,20:03:00,296,3
112,20:17:00,285,4
112,22:46:00,288,5
112,25:32:00,269,6
112,27:17:00,117,7
112,29:58:00,80,8
112,32:11:00,268,9
112,34:01:00,257,10
112,37:00:00,21,11
112,39:45:00,263,12
112,41:19:00,254,13
112,42:28:00,241,14
112,44:50:00,449,15
112,47:53:00,455,16
112,50:14:00,236,17
112,51:47:00,231,18
112,53:21:00,615,19
112,55:57:00,118,20
112,58:26:00,228,21
112,62:47:00,506,22
112,66:22:00,616,23
112,68:15:00,224,24
112,71:00:00,388,25
112,73:37:00,206,26
112,73:58:00,204,27
112,74:16:00,456,28
112,74:21:00,264,29
112,74:35:00,198,30
112,74:38:00,187,31
112,74:40:00,167,32
112,74:46:00,153,33
112,75:03:00,142,34
112,75:29:00,144,35
112,75:46:00,140,36
112,76:23:00,131,37
112,76:51:00,111,38
112,77:28:00,115,39
112,79:01:00,44,40
112,81:14:00,108,41
112,81:31:00,107,42
112,81:46:00,109,43
112,82:26:00,105,44
112,82:57:00,106,45
112,83:29:00,101,46
112,83:37:00,103,47
112,84:14:00,102,48
112,85:20:00,99,49
112,86:11:00,95,50
112,86:39:00,98,51
112,87:29:00,91,52
112,89:44:00,63,53
112,91:30:00,92,54
112,93:04:00,88,55
112,94:27:00,79,56
112,96:02:00,74,57
112,96:35:00,76,58
112,96:52:00,71,59
112,97:00:00,72,60
112,97:20:00,68,61
112,97:33:00,65,62
112,99:47:00,113,63
112,100:49:00,4,64
112,104:42:00,69,65
112,106:59:00,59,66
112,110:29:00,119,67
278,20:30:00,435,1
278,20:52:00,284,2
278,22:23:00,229,3
278,23:39:00,375,4
278,24:24:00,352,5
278,25:03:00,197,6
278,26:29:00,297,7
278,27:46:00,335,8
278,28:37:00,278,9
278,29:00:00,90,10
278,30:00:00,139,11
278,,383,12
278,31:16:00,340,13
278,,237,14
278,31:53:00,67,15
278,,235,16
278,32:54:00,249,17
278,,318,18
278,,356,19
278,,461,20
278,34:16:00,157,21
278,34:27:00,373,22
278,34:54:00,290,23
278,36:30:00,503,24
278,41:05:00,165,25
278,41:22:00,313,26
278,41:37:00,158,27
278,,179,28
278,,29,29
278,42:21:00,353,30
278,42:43:00,371,31
278,43:11:00,387,32
278,43:34:00,314,33
278,,418,34
278,,232,35
278,44:17:00,262,36
278,44:49:00,406,37
278,45:16:00,208,38
278,,252,39
278,46:00:00,446,40
278,,246,41
278,46:39:00,412,42
278,46:47:00,401,43
278,46:58:00,151,44
278,,326,45
278,,440,46
278,,238,47
278,47:52:00,348,48
278,,155,49
278,48:30:00,149,50
279,03:30:00,149,1
279,,155,2
279,04:07:00,348,3
279,,238,4
279,,440,5
279,,326,6
279,05:01:00,151,7
279,05:12:00,401,8
279,05:20:00,412,9
279,,246,10
279,05:59:00,446,11
279,,252,12
279,06:43:00,208,13
279,07:10:00,406,14
279,07:42:00,262,15
279,,232,16
279,,418,17
279,08:25:00,314,18
279,08:48:00,387,19
279,09:16:00,371,20
279,09:38:00,353,21
279,,29,22
279,,179,23
279,10:22:00,158,24
279,10:37:00,313,25
279,10:54:00,165,26
279,13:00:00,503,27
279,19:35:00,290,28
279,20:02:00,373,29
279,20:13:00,157,30
279,,461,31
279,,356,32
279,,318,33
279,21:35:00,249,34
279,,235,35
279,22:36:00,67,36
279,,237,37
279,23:13:00,340,38
279,,383,39
279,24:00:00,139,40
279,25:29:00,90,41
279,25:52:00,278,42
279,26:43:00,335,43
279,28:00:00,297,44
279,29:26:00,197,45
279,30:05:00,352,46
279,30:50:00,375,47
279,32:06:00,229,48
279,33:37:00,284,49
279,34:00:00,435,50
525,13:05:00,388,1
525,14:15:00,224,2
525,15:07:00,104,3
525,15:44:00,317,4
525,16:16:00,141,5
525,16:57:00,380,6
525,17:15:00,408,7
525,17:36:00,347,8
525,17:56:00,289,9
525,18:44:00,427,10
525,19:00:00,169,11
525,19:55:00,50,12
525,20:22:00,445,13
525,20:59:00,100,14
525,21:12:00,301,15
525,21:22:00,370,16
525,21:36:00,89,17
525,22:21:00,24,18
525,22:54:00,159,19
525,23:34:00,261,20
525,24:32:00,96,21
525,26:45:00,149,22
525,,155,23
525,28:07:00,348,24
525,,238,25
525,,440,26
525,,326,27
525,29:01:00,151,28
525,29:12:00,401,29
525,29:20:00,412,30
525,,246,31
525,29:59:00,446,32
525,,252,33
525,30:43:00,208,34
525,31:10:00,406,35
525,31:42:00,262,36
525,,232,37
525,,418,38
525,32:25:00,314,39
525,32:48:00,387,40
525,33:16:00,371,41
525,33:38:00,353,42
525,,29,43
525,,179,44
525,34:22:00,158,45
525,34:37:00,313,46
525,34:54:00,165,47
525,37:00:00,503,48
525,43:35:00,290,49
525,44:02:00,373,50
525,44:13:00,157,51
525,,461,52
525,,356,53
525,,318,54
525,45:35:00,249,55
525,,235,56
525,46:36:00,67,57
525,,237,58
525,47:13:00,340,59
525,,383,60
525,48:00:00,139,61
525,49:29:00,90,62
525,49:52:00,278,63
525,50:43:00,335,64
525,52:00:00,297,65
525,53:26:00,197,66
525,54:05:00,352,67
525,54:50:00,375,68
525,56:06:00,229,69
525,57:37:00,284,70
525,58:00:00,435,71
526,20:30:00,435,1
526,20:52:00,284,2
526,22:23:00,229,3
526,23:39:00,375,4
526,24:24:00,352,5
526,25:03:00,197,6
526,26:29:00,297,7
526,27:46:00,335,8
526,28:37:00,278,9
526,29:00:00,90,10
526,30:00:00,139,11
526,,383,12
526,31:16:00,340,13
526,,237,14
526,31:53:00,67,15
526,,235,16
526,32:54:00,249,17
526,,318,18
526,,356,19
526,,461,20
526,34:16:00,157,21
526,34:27:00,373,22
526,34:54:00,290,23
526,36:30:00,503,24
526,41:05:00,165,25
526,41:22:00,313,26
526,41:37:00,158,27
526,,179,28
526,,29,29
526,42:21:00,353,30
526,42:43:00,371,31
526,43:11:00,387,32
526,43:34:00,314,33
526,,418,34
526,,232,35
526,44:17:00,262,36
526,44:49:00,406,37
526,45:16:00,208,38
526,,252,39
526,46:00:00,446,40
526,,246,41
526,46:39:00,412,42
526,46:47:00,401,43
526,46:58:00,151,44
526,,326,45
526,,440,46
526,,238,47
526,47:52:00,348,48
526,,155,49
526,48:30:00,149,50
526,54:27:00,96,51
526,55:09:00,261,52
526,55:55:00,159,53
526,56:24:00,24,54
526,57:08:00,89,55
526,57:30:00,370,56
526,57:43:00,301,57
526,57:58:00,100,58
526,58:37:00,445,59
526,59:14:00,50,60
526,60:12:00,169,61
526,60:32:00,427,62
526,60:56:00,289,63
526,61:20:00,347,64
526,61:38:00,408,65
526,61:54:00,380,66
526,62:34:00,141,67
526,63:06:00,317,68
526,63:51:00,104,69
526,64:37:00,224,70
526,65:45:00,388,71
520,14:32:00,617,1
520,14:54:00,576,2
520,16:34:00,58,3
520,17:16:00,415,4
520,18:23:00,367,5
520,19:03:00,119,6
449,06:47:00,119,1
449,07:04:00,450,2
449,07:22:00,367,3
449,07:58:00,178,4
449,08:33:00,415,5
449,09:14:00,58,6
449,10:53:00,602,7
449,11:41:00,332,8
449,12:04:00,226,9
448,19:00:00,226,1
448,19:22:00,332,2
448,19:48:00,351,3
448,20:16:00,344,4
448,21:01:00,617,5
443,17:49:00,617,1
443,18:06:00,576,2
443,18:48:00,377,3
443,19:16:00,35,4
443,19:59:00,58,5
443,20:41:00,415,6
443,20:51:00,413,7
443,21:19:00,178,8
443,21:52:00,367,9
443,22:13:00,450,10
443,22:33:00,119,11
442,15:00:00,628,1
442,15:24:00,629,2
442,16:52:00,630,3
442,17:59:00,343,4
442,18:11:00,226,5
442,19:22:00,332,6
442,19:49:00,351,7
442,20:17:00,344,8
442,21:02:00,617,9
446,13:00:00,628,1
446,13:24:00,629,2
446,15:07:00,630,3
446,16:02:00,343,4
446,16:15:00,226,5
445,14:10:00,226,1
445,14:42:00,332,2
445,16:14:00,617,3
444,11:20:00,617,1
444,11:46:00,419,2
444,12:09:00,344,3
444,12:55:00,332,4
444,13:16:00,226,5
109,02:01:00,449,1
109,03:29:00,241,2
109,04:52:00,254,3
109,05:58:00,263,4
109,08:30:00,21,5
109,13:50:00,257,6
109,16:36:00,268,7
109,18:45:00,80,8
109,21:28:00,117,9
109,23:39:00,269,10
109,27:06:00,273,11
109,29:01:00,274,12
109,29:48:00,277,13
109,30:56:00,145,14
109,35:00:00,8,15
388,06:45:00,58,1
388,07:05:00,309,2
388,07:24:00,415,3
388,07:36:00,413,4
388,08:04:00,178,5
388,08:14:00,9,6
388,08:41:00,367,7
388,08:57:00,450,8
388,09:14:00,119,9
519,13:20:00,119,1
519,13:51:00,367,2
519,14:24:00,178,3
519,15:01:00,415,4
519,15:39:00,58,5
519,17:38:00,576,6
519,17:58:00,617,7
518,06:30:00,93,1
518,06:59:00,282,2
518,07:29:00,162,3
518,08:15:00,436,4
518,08:40:00,119,5
511,09:00:00,226,1
511,09:22:00,332,2
511,10:09:00,344,3
511,10:32:00,419,4
511,11:04:00,617,5
510,05:25:00,628,1
510,05:49:00,629,2
510,05:58:00,492,3
510,07:26:00,630,4
510,07:59:00,631,5
510,08:25:00,343,6
510,08:37:00,226,7
510,09:32:00,332,8
510,10:20:00,344,9
510,10:43:00,419,10
510,11:14:00,617,11
513,08:10:00,628,1
513,08:34:00,629,2
513,08:42:00,492,3
513,10:12:00,630,4
513,10:46:00,631,5
513,11:13:00,343,6
513,11:26:00,226,7
513,12:26:00,332,8
513,12:53:00,351,9
513,13:16:00,344,10
513,13:39:00,419,11
513,14:06:00,617,12
512,12:36:00,628,1
512,13:00:00,629,2
512,14:43:00,630,3
512,15:14:00,631,4
512,15:42:00,343,5
512,15:54:00,226,6
512,17:02:00,332,7
512,17:28:00,351,8
512,17:50:00,344,9
512,18:35:00,617,10
514,13:00:00,628,1
514,13:24:00,629,2
514,15:07:00,630,3
514,16:01:00,343,4
514,16:14:00,226,5
514,17:22:00,332,6
514,18:08:00,344,7
514,18:53:00,617,8
517,19:45:00,119,1
517,20:07:00,436,2
517,20:22:00,600,3
517,20:50:00,162,4
517,21:17:00,282,5
517,21:30:00,323,6
517,21:52:00,93,7
517,22:25:00,78,8
517,22:57:00,601,9
517,23:44:00,618,10
516,08:32:00,119,1
516,08:50:00,450,2
516,09:08:00,367,3
516,09:41:00,178,4
516,10:18:00,415,5
516,10:57:00,58,6
516,11:54:00,35,7
516,12:24:00,377,8
516,13:04:00,576,9
516,13:25:00,617,10
458,10:32:00,119,1
458,10:51:00,450,2
458,12:07:00,415,3
458,12:46:00,58,4
458,14:30:00,576,5
458,14:54:00,617,6
459,12:17:00,119,1
459,12:36:00,450,2
459,12:53:00,367,3
459,13:19:00,9,4
459,13:27:00,178,5
459,13:52:00,413,6
459,14:05:00,415,7
459,14:25:00,309,8
459,14:45:00,58,9
459,15:08:00,200,10
459,15:32:00,35,11
459,16:07:00,377,12
459,16:38:00,576,13
459,16:57:00,617,14
450,08:32:00,119,1
450,08:51:00,450,2
450,09:08:00,367,3
450,09:41:00,178,4
450,10:19:00,415,5
450,10:57:00,58,6
450,12:32:00,602,7
450,13:21:00,332,8
450,13:43:00,226,9
451,17:02:00,119,1
451,17:21:00,450,2
451,17:38:00,367,3
451,18:10:00,178,4
451,18:47:00,415,5
451,19:25:00,58,6
451,20:12:00,35,7
451,21:02:00,602,8
451,21:51:00,332,9
451,22:13:00,226,10
452,18:02:00,119,1
452,18:19:00,450,2
452,18:37:00,367,3
452,20:16:00,58,4
452,21:45:00,602,5
452,22:33:00,332,6
452,22:55:00,226,7
453,06:51:00,226,1
453,07:13:00,332,2
453,08:07:00,602,3
453,09:35:00,58,4
453,10:15:00,415,5
453,11:23:00,367,6
453,12:03:00,119,7
454,13:23:00,226,1
454,13:44:00,332,2
454,14:34:00,602,3
454,15:58:00,58,4
454,16:40:00,415,5
454,17:19:00,178,6
454,17:54:00,367,7
454,18:33:00,119,8
455,16:56:00,226,1
455,17:17:00,332,2
455,18:10:00,602,3
455,18:53:00,35,4
455,19:34:00,58,5
455,21:19:00,367,6
455,22:03:00,119,7
456,18:22:00,226,1
456,18:43:00,332,2
456,19:38:00,602,3
456,21:04:00,58,4
456,22:54:00,367,5
456,23:33:00,119,6
482,05:30:00,617,1
482,05:49:00,576,2
482,06:21:00,377,3
482,06:49:00,35,4
482,07:31:00,58,5
482,08:13:00,415,6
482,08:48:00,178,7
482,09:25:00,367,8
482,10:03:00,119,9
508,16:10:00,617,1
508,16:36:00,419,2
508,16:58:00,344,3
508,17:18:00,351,4
508,17:42:00,332,5
508,18:04:00,226,6
508,18:46:00,343,7
508,19:14:00,631,8
508,19:43:00,630,9
508,21:23:00,492,10
508,21:30:00,629,11
508,21:56:00,628,12
504,19:00:00,226,1
504,19:15:00,343,2
504,19:53:00,631,3
504,20:37:00,630,4
504,22:34:00,629,5
504,23:40:00,54,6
504,24:27:00,138,7
504,25:08:00,327,8
504,25:52:00,170,9
504,26:54:00,328,10
504,27:34:00,342,11
504,28:39:00,42,12
504,29:00:00,221,13
504,29:22:00,87,14
504,30:08:00,110,15
504,30:38:00,355,16
504,31:21:00,84,17
504,31:45:00,18,18
504,32:08:00,73,19
504,32:27:00,310,20
504,34:18:00,267,21
504,35:13:00,19,22
504,36:23:00,12,23
504,37:23:00,202,24
504,37:39:00,22,25
504,38:03:00,41,26
504,39:17:00,10,27
504,40:51:00,620,28
505,12:00:00,620,1
505,13:26:00,10,2
505,14:42:00,41,3
505,15:05:00,22,4
505,15:22:00,202,5
505,16:17:00,12,6
505,17:41:00,19,7
505,18:32:00,267,8
505,20:18:00,310,9
505,20:47:00,73,10
505,21:10:00,18,11
505,21:34:00,84,12
505,22:08:00,355,13
505,22:50:00,110,14
505,23:39:00,87,15
505,23:59:00,221,16
505,24:21:00,42,17
505,25:21:00,342,18
505,25:54:00,328,19
505,27:01:00,170,20
505,27:38:00,327,21
505,28:35:00,138,22
505,29:10:00,54,23
505,30:13:00,629,24
505,32:30:00,630,25
505,33:10:00,631,26
505,33:44:00,343,27
505,34:03:00,226,28
502,08:20:00,119,1
502,08:44:00,436,2
502,08:55:00,600,3
502,09:34:00,1,4
502,09:54:00,185,5
502,10:16:00,346,6
502,12:07:00,403,7
502,12:45:00,201,8
502,12:59:00,357,9
502,13:53:00,191,10
502,15:08:00,614,11
502,15:51:00,259,12
502,16:09:00,366,13
502,17:10:00,173,14
502,18:27:00,25,15
502,19:15:00,189,16
502,19:40:00,260,17
502,20:01:00,222,18
502,20:15:00,240,19
502,20:56:00,210,20
502,21:16:00,345,21
502,21:50:00,120,22
503,07:15:00,120,1
503,07:44:00,345,2
503,08:03:00,210,3
503,08:45:00,240,4
503,09:00:00,222,5
503,09:20:00,260,6
503,10:00:00,189,7
503,10:24:00,25,8
503,10:44:00,173,9
503,11:41:00,366,10
503,11:54:00,259,11
503,12:43:00,614,12
503,14:02:00,191,13
503,15:11:00,357,14
503,15:24:00,201,15
503,16:51:00,403,16
503,17:45:00,346,17
503,18:08:00,185,18
503,18:27:00,1,19
503,19:02:00,600,20
503,19:16:00,436,21
503,19:41:00,119,22
500,08:40:00,341,1
500,08:55:00,280,2
500,09:27:00,14,3
500,09:52:00,93,4
500,10:45:00,11,5
500,11:14:00,7,6
500,12:02:00,114,7
500,12:24:00,70,8
500,12:47:00,6,9
500,12:59:00,322,10
500,13:11:00,34,11
500,13:38:00,119,12
501,19:51:00,93,1
501,20:39:00,11,2
501,21:03:00,7,3
501,21:40:00,114,4
501,22:10:00,70,5
501,22:36:00,6,6
501,22:46:00,322,7
501,23:17:00,119,8
467,06:25:00,226,1
467,06:36:00,343,2
467,07:03:00,631,3
467,07:36:00,630,4
467,09:17:00,629,5
467,09:43:00,628,6
466,17:45:00,628,1
466,18:09:00,629,2
466,19:41:00,630,3
466,20:19:00,631,4
466,20:47:00,343,5
466,21:00:00,226,6
461,08:35:00,617,1
461,08:52:00,576,2
461,09:22:00,377,3
461,09:51:00,35,4
461,10:33:00,58,5
461,10:56:00,309,6
461,11:18:00,415,7
461,11:31:00,413,8
461,11:56:00,178,9
461,12:05:00,9,10
461,12:35:00,367,11
461,12:58:00,450,12
461,13:18:00,119,13
460,16:35:00,119,1
460,17:04:00,367,2
460,18:10:00,415,3
460,20:22:00,576,4
460,20:42:00,617,5
463,15:33:00,617,1
463,15:49:00,576,2
463,16:54:00,35,3
463,17:37:00,58,4
463,18:03:00,309,5
463,18:21:00,415,6
463,18:32:00,413,7
463,18:55:00,178,8
463,19:04:00,9,9
463,19:33:00,367,10
463,20:18:00,119,11
462,10:27:00,617,1
462,10:44:00,576,2
462,12:24:00,58,3
462,14:48:00,119,4
91,17:32:00,119,1
91,17:50:00,450,2
91,18:07:00,367,3
91,18:33:00,9,4
91,18:41:00,178,5
91,19:07:00,413,6
91,19:23:00,415,7
91,19:42:00,309,8
91,20:03:00,58,9
91,20:50:00,35,10
91,21:25:00,377,11
91,21:50:00,576,12
91,22:11:00,617,13
93,11:45:00,617,1
93,12:02:00,576,2
93,12:34:00,377,3
93,13:09:00,35,4
93,13:36:00,200,5
93,13:57:00,58,6
93,14:40:00,415,7
93,15:20:00,178,8
93,15:53:00,367,9
93,16:33:00,119,10
95,14:20:00,617,1
95,15:06:00,344,2
95,15:29:00,351,3
95,15:53:00,332,4
95,16:15:00,226,5
95,17:01:00,343,6
95,17:28:00,631,7
95,18:13:00,630,8
95,19:52:00,492,9
95,20:01:00,629,10
95,20:26:00,628,11
397,09:28:00,460,1
397,09:42:00,381,2
397,09:58:00,125,3
397,10:06:00,55,4
397,10:25:00,129,5
397,10:32:00,369,6
397,10:43:00,423,7
397,10:46:00,163,8
397,10:55:00,405,9
397,10:56:00,394,10
397,11:03:00,190,11
397,11:08:00,193,12
397,11:10:00,160,13
397,11:14:00,392,14
397,11:22:00,253,15
397,11:33:00,180,16
397,11:42:00,390,17
397,11:55:00,276,18
397,12:06:00,303,19
397,12:14:00,448,20
397,12:25:00,182,21
397,12:32:00,286,22
397,12:36:00,384,23
397,12:46:00,292,24
397,13:06:00,426,25
397,13:24:00,215,26
397,13:32:00,32,27
397,13:35:00,212,28
397,13:49:00,216,29
397,14:02:00,417,30
397,14:13:00,397,31
397,14:19:00,321,32
397,14:26:00,306,33
397,14:28:00,49,34
397,14:31:00,295,35
397,14:40:00,407,36
397,14:46:00,339,37
397,14:54:00,168,38
397,15:00:00,83,39
397,15:08:00,299,40
397,15:10:00,171,41
397,15:24:00,425,42
397,15:37:00,203,43
397,15:57:00,320,44
397,16:00:00,411,45
397,16:08:00,147,46
397,16:28:00,441,47
397,16:40:00,433,48
397,18:15:00,437,49
397,18:48:00,38,50
397,19:02:00,126,51
397,19:15:00,132,52
397,19:23:00,459,53
397,19:46:00,82,54
397,19:56:00,130,55
397,20:09:00,43,56
397,20:38:00,457,57
397,21:21:00,633,58
397,21:35:00,634,59
397,22:46:00,226,60
110,18:00:00,8,1
110,19:35:00,298,2
110,20:03:00,296,3
110,20:17:00,285,4
110,22:46:00,288,5
110,25:32:00,269,6
110,27:17:00,117,7
110,29:58:00,80,8
110,32:11:00,268,9
110,34:01:00,257,10
110,37:00:00,21,11
110,39:45:00,263,12
110,41:19:00,254,13
110,42:28:00,241,14
110,44:50:00,449,15
555,07:00:00,355,1
555,07:35:00,358,2
555,07:55:00,364,3
555,08:25:00,20,4
555,08:40:00,233,5
555,09:00:00,363,6
555,09:20:00,337,7
555,10:00:00,271,8
555,10:30:00,97,9
555,11:00:00,382,10
555,11:23:00,272,11
555,11:45:00,372,12
555,12:15:00,604,13
554,07:00:00,332,1
554,07:10:00,555,2
554,07:25:00,332,3
556,15:30:00,604,1
556,16:10:00,372,2
556,16:27:00,272,3
556,16:55:00,382,4
556,17:20:00,97,5
556,18:00:00,271,6
556,18:40:00,337,7
556,19:00:00,363,8
556,19:20:00,233,9
556,19:35:00,20,10
556,20:10:00,364,11
556,20:30:00,358,12
556,21:00:00,355,13
551,09:45:00,646,1
551,10:05:00,645,2
551,10:40:00,644,3
551,11:10:00,643,4
550,16:30:00,643,1
550,17:00:00,644,2
550,17:35:00,645,3
550,17:55:00,646,4
553,18:30:00,646,1
553,18:50:00,645,2
553,19:25:00,644,3
553,19:55:00,643,4
552,14:30:00,646,1
552,14:50:00,645,2
552,15:25:00,644,3
552,15:55:00,643,4
489,12:15:00,119,1
489,12:36:00,436,2
489,12:54:00,600,3
489,13:25:00,162,4
489,13:54:00,282,5
489,14:23:00,93,6
489,15:35:00,601,7
489,16:30:00,618,8
488,06:50:00,119,1
488,07:13:00,436,2
488,07:29:00,600,3
488,07:55:00,162,4
488,08:30:00,282,5
488,08:43:00,323,6
488,09:06:00,93,7
488,09:39:00,78,8
488,10:18:00,601,9
488,11:08:00,618,10
487,17:20:00,617,1
487,17:37:00,576,2
487,19:18:00,58,3
487,21:10:00,367,4
487,21:45:00,119,5
486,12:31:00,617,1
486,12:48:00,576,2
486,13:56:00,35,3
486,14:23:00,200,4
486,14:44:00,58,5
486,15:28:00,415,6
486,16:38:00,367,7
486,17:18:00,119,8
485,07:20:00,617,1
485,07:37:00,576,2
485,09:10:00,58,3
485,11:25:00,119,4
484,06:40:00,617,1
484,06:57:00,576,2
484,07:25:00,377,3
484,07:52:00,35,4
484,08:35:00,58,5
484,09:17:00,415,6
484,09:51:00,178,7
484,10:28:00,367,8
484,10:44:00,450,9
484,11:02:00,119,10
483,06:20:00,226,1
483,06:41:00,332,2
483,07:26:00,344,3
483,07:54:00,419,4
483,08:20:00,617,5
483,08:52:00,576,6
483,09:21:00,377,7
483,09:50:00,35,8
483,10:32:00,58,9
483,11:14:00,415,10
483,11:48:00,178,11
483,11:57:00,9,12
483,12:26:00,367,13
483,13:03:00,119,14
434,06:30:00,617,1
434,06:55:00,419,2
434,07:16:00,344,3
434,07:44:00,351,4
434,08:09:00,332,5
434,08:31:00,226,6
434,09:17:00,343,7
434,09:42:00,631,8
434,10:10:00,630,9
434,11:55:00,629,10
434,12:22:00,628,11
481,18:32:00,119,1
481,18:48:00,450,2
481,19:05:00,367,3
481,19:33:00,9,4
481,19:42:00,178,5
481,20:09:00,413,6
481,20:25:00,415,7
481,20:45:00,309,8
481,21:05:00,58,9
481,21:29:00,200,10
481,21:53:00,35,11
481,22:23:00,377,12
481,22:50:00,576,13
481,23:08:00,617,14
433,09:06:00,226,1
433,09:17:00,343,2
433,09:42:00,631,3
433,10:10:00,630,4
433,11:54:00,629,5
433,12:22:00,628,6
472,08:50:00,226,1
472,09:12:00,332,2
472,10:03:00,602,3
472,10:49:00,35,4
472,11:34:00,58,5
472,12:20:00,415,6
472,13:01:00,178,7
472,13:38:00,367,8
472,14:18:00,119,9
473,11:00:00,226,1
473,11:22:00,332,2
473,12:14:00,602,3
473,13:41:00,58,4
473,14:25:00,415,5
473,15:02:00,178,6
473,15:37:00,367,7
473,15:58:00,450,8
473,16:18:00,119,9
470,18:55:00,617,1
470,19:21:00,419,2
470,19:44:00,344,3
470,20:35:00,332,4
470,20:57:00,226,5
471,05:32:00,58,1
471,05:53:00,309,2
471,06:14:00,415,3
471,06:27:00,413,4
471,06:57:00,178,5
471,07:08:00,9,6
471,07:38:00,367,7
471,07:59:00,450,8
471,08:25:00,119,9
476,15:17:00,119,1
476,15:36:00,450,2
476,15:53:00,367,3
476,16:59:00,415,4
476,17:37:00,58,5
476,19:06:00,602,6
476,19:54:00,332,7
476,20:18:00,226,8
477,06:47:00,119,1
477,07:04:00,450,2
477,07:22:00,367,3
477,07:58:00,178,4
477,08:33:00,415,5
477,09:14:00,58,6
477,10:13:00,35,7
477,10:44:00,377,8
477,11:16:00,576,9
477,11:36:00,617,10
474,19:35:00,119,1
474,20:06:00,367,2
474,20:33:00,9,3
474,20:41:00,178,4
474,21:18:00,415,5
474,21:56:00,58,6
475,11:32:00,119,1
475,11:51:00,450,2
475,12:08:00,367,3
475,12:45:00,178,4
475,13:25:00,415,5
475,14:06:00,58,6
475,14:57:00,35,7
475,15:47:00,602,8
475,16:38:00,332,9
475,17:01:00,226,10
478,14:17:00,119,1
478,14:53:00,367,2
478,16:34:00,58,3
478,17:20:00,35,4
478,17:50:00,377,5
478,18:22:00,576,6
478,18:43:00,617,7
479,15:32:00,119,1
479,15:50:00,450,2
479,16:07:00,367,3
479,16:41:00,178,4
479,17:52:00,58,5
479,18:38:00,35,6
479,19:50:00,576,7
479,20:14:00,617,8
